{"uid":"@TREE-47642e-5dd-15fe33a-2","object_type":"SceneTree","local_repository":null,"extra":{"editor":{"selected_node":"@NODE-47642e-1fa6d-1e262b4-1b4"},"folder":"gerard/eliza","filename":"emmaEliza.scene.json","fullpath":"gerard/eliza/emmaEliza.scene.json","viewport_layout":{"cameras":[{"uid":"@CAM47642e-7fa-17a9447-9","layers":3,"enabled":true,"type":1,"eye":[6.341710090637207,153.62667846679688,66.81206512451172],"center":[-0.9460668563842773,145.3017578125,2.3846664428710938],"up":[0,1,0],"near":0.1,"far":10000,"fov":45,"aspect":1,"background_color":[0.678600013256073,0.7799999713897705,0.722540020942688,1],"frustum_size":50,"viewport":[0,0,1,1],"render_to_texture":false,"frame":null,"show_frame":true}]},"publish_name":"gerard/eliza/emmaEliza"},"root":{"name":"root","uid":"@NODE-47642e-5e0-1d61e21-5","layers":3,"flags":{"visible":true,"is_static":false,"selectable":true,"two_sided":false,"flip_normals":false,"cast_shadows":true,"receive_shadows":true,"ignore_lights":false,"depth_test":true,"depth_write":true},"children":[{"name":"emmaNurse.dae","uid":"@NODE-47642e-299ce-167b22a-c","layers":3,"flags":{"visible":true,"is_static":false,"selectable":true,"two_sided":false,"flip_normals":false,"cast_shadows":true,"receive_shadows":true,"ignore_lights":false,"depth_test":true,"depth_write":true},"children":[{"name":"emma","uid":"@NODE-47642e-29a51-13c7d55-7e","layers":3,"node_type":"NODE","flags":{"visible":true,"is_static":false,"selectable":true,"two_sided":false,"flip_normals":false,"cast_shadows":true,"receive_shadows":true,"ignore_lights":false,"depth_test":true,"depth_write":true},"children":[{"name":"hips","uid":"@NODE-47642e-29a51-105bee6-80","layers":3,"node_type":"JOINT","flags":{"visible":true,"is_static":false,"selectable":true,"two_sided":false,"flip_normals":false,"cast_shadows":true,"receive_shadows":true,"ignore_lights":false,"depth_test":true,"depth_write":true},"children":[{"name":"thigh.L","uid":"@NODE-47642e-29a51-161d0b6-82","layers":3,"node_type":"JOINT","flags":{"visible":true,"is_static":false,"selectable":true,"two_sided":false,"flip_normals":false,"cast_shadows":true,"receive_shadows":true,"ignore_lights":false,"depth_test":true,"depth_write":true},"children":[{"name":"shin.L","uid":"@NODE-47642e-29a52-1bef79f-84","layers":3,"node_type":"JOINT","flags":{"visible":true,"is_static":false,"selectable":true,"two_sided":false,"flip_normals":false,"cast_shadows":true,"receive_shadows":true,"ignore_lights":false,"depth_test":true,"depth_write":true},"children":[{"name":"foot.L","uid":"@NODE-47642e-29a52-1478e0d-86","layers":3,"node_type":"JOINT","flags":{"visible":true,"is_static":false,"selectable":true,"two_sided":false,"flip_normals":false,"cast_shadows":true,"receive_shadows":true,"ignore_lights":false,"depth_test":true,"depth_write":true},"children":[{"name":"toe.L","uid":"@NODE-47642e-29a52-1a58327-88","layers":3,"node_type":"JOINT","flags":{"visible":true,"is_static":false,"selectable":true,"two_sided":false,"flip_normals":false,"cast_shadows":true,"receive_shadows":true,"ignore_lights":false,"depth_test":true,"depth_write":true},"components":[["Transform",{"uid":"@COMP-47642e-29a52-1d9bfcc-89","position":[-1.1920899822825959e-7,1.239238977432251,5.96045985901128e-8],"rotation":[-0.24038560688495636,-0.00000777209788793698,0.00000657975533613353,0.9706774950027466],"scaling":[1,1,1],"matrix":[1,0.000016510241039213724,0.000011925044418603648,0,-0.0000090370394900674,0.8844295144081116,-0.4666737914085388,0,-0.00001825175786507316,0.4666737914085388,0.8844295144081116,0,-1.1920899822825959e-7,1.239238977432251,5.96045985901128e-8,1]}]]}],"components":[["Transform",{"uid":"@COMP-47642e-29a52-12d97d1-87","position":[0,3.8245880603790283,5.96045985901128e-8],"rotation":[-0.5296347737312317,0.03232508897781372,0.07706467807292938,0.8440989851951599],"scaling":[0.9999998807907104,1,0.9999997615814209],"matrix":[0.9860321283340454,0.09585943818092346,-0.13620340824127197,0,-0.16434141993522644,0.42709606885910034,-0.889146089553833,0,-0.027061112225055695,0.8991103768348694,0.4368841052055359,0,0,3.8245880603790283,5.96045985901128e-8,1]}]]}],"components":[["Transform",{"uid":"@COMP-47642e-29a52-12ddd9c-85","position":[0,3.755795955657959,0],"rotation":[0.06577644497156143,-0.0000018550197182776174,0.000001392550757373101,0.9978343844413757],"scaling":[1,1,1],"matrix":[1,0.0000025350368559884373,0.000003885199021169683,0,-0.000003023103317900677,0.9913468956947327,0.1312679946422577,0,-0.0000035188108995498624,-0.1312679946422577,0.9913468956947327,0,0,3.755795955657959,0,1]}]]}],"components":[["Transform",{"uid":"@COMP-47642e-29a51-1bcc77b-83","position":[0.9546499848365784,-0.09952926635742188,-0.08003461360931396],"rotation":[0.9931538701057434,0.05723864957690239,-0.0940108597278595,-0.03912927210330963],"scaling":[0.9999917149543762,0.9999995827674866,0.9999942183494568],"matrix":[0.9757632613182068,0.12104971706867218,-0.18225358426570892,0,0.10633637756109238,-0.9903848767280579,-0.08848484605550766,0,-0.19121280312538147,0.06696028262376785,-0.9792560935020447,0,0.9546499848365784,-0.09952926635742188,-0.08003461360931396,1]}]]},{"name":"thigh.R","uid":"@NODE-47642e-29a52-1dacc58-8a","layers":3,"node_type":"JOINT","flags":{"visible":true,"is_static":false,"selectable":true,"two_sided":false,"flip_normals":false,"cast_shadows":true,"receive_shadows":true,"ignore_lights":false,"depth_test":true,"depth_write":true},"children":[{"name":"shin.R","uid":"@NODE-47642e-29a52-1dd86cb-8c","layers":3,"node_type":"JOINT","flags":{"visible":true,"is_static":false,"selectable":true,"two_sided":false,"flip_normals":false,"cast_shadows":true,"receive_shadows":true,"ignore_lights":false,"depth_test":true,"depth_write":true},"children":[{"name":"foot.R","uid":"@NODE-47642e-29a52-1f59dee-8e","layers":3,"node_type":"JOINT","flags":{"visible":true,"is_static":false,"selectable":true,"two_sided":false,"flip_normals":false,"cast_shadows":true,"receive_shadows":true,"ignore_lights":false,"depth_test":true,"depth_write":true},"children":[{"name":"toe.R","uid":"@NODE-47642e-29a52-165626e-90","layers":3,"node_type":"JOINT","flags":{"visible":true,"is_static":false,"selectable":true,"two_sided":false,"flip_normals":false,"cast_shadows":true,"receive_shadows":true,"ignore_lights":false,"depth_test":true,"depth_write":true},"components":[["Transform",{"uid":"@COMP-47642e-29a52-19f3e42-91","position":[1.1920899822825959e-7,1.239238977432251,5.96045985901128e-8],"rotation":[-0.24038560688495636,0.00000777209788793698,-0.00000657975533613353,0.9706774950027466],"scaling":[1,1,1],"matrix":[1,-0.000016510241039213724,-0.000011925044418603648,0,0.0000090370394900674,0.8844295144081116,-0.4666737914085388,0,0.00001825175786507316,0.4666737914085388,0.8844295144081116,0,1.1920899822825959e-7,1.239238977432251,5.96045985901128e-8,1]}]]}],"components":[["Transform",{"uid":"@COMP-47642e-29a52-10669c5-8f","position":[0,3.8245880603790283,5.96045985901128e-8],"rotation":[-0.5296347737312317,-0.03232508897781372,-0.07706467807292938,0.8440989851951599],"scaling":[0.9999998807907104,1,0.9999997615814209],"matrix":[0.9860321283340454,-0.09585943818092346,0.13620340824127197,0,0.16434141993522644,0.42709606885910034,-0.889146089553833,0,0.027061112225055695,0.8991103768348694,0.4368841052055359,0,0,3.8245880603790283,5.96045985901128e-8,1]}]]}],"components":[["Transform",{"uid":"@COMP-47642e-29a52-1882c39-8d","position":[0,3.755795955657959,0],"rotation":[0.06577644497156143,0.0000018550197182776174,-0.000001392550757373101,0.9978343844413757],"scaling":[1,1,1],"matrix":[1,-0.0000025350368559884373,-0.000003885199021169683,0,0.000003023103317900677,0.9913468956947327,0.1312679946422577,0,0.0000035188108995498624,-0.1312679946422577,0.9913468956947327,0,0,3.755795955657959,0,1]}]]}],"components":[["Transform",{"uid":"@COMP-47642e-29a52-14289f9-8b","position":[-0.9546499848365784,-0.09952926635742188,-0.08003461360931396],"rotation":[0.9931538701057434,-0.05723864957690239,0.0940108597278595,-0.03912927210330963],"scaling":[0.9999917149543762,0.9999995827674866,0.9999942183494568],"matrix":[0.9757632613182068,-0.12104971706867218,0.18225358426570892,0,-0.10633637756109238,-0.9903848767280579,-0.08848484605550766,0,0.19121280312538147,0.06696028262376785,-0.9792560935020447,0,-0.9546499848365784,-0.09952926635742188,-0.08003461360931396,1]}]]},{"name":"spine","uid":"@NODE-47642e-29a52-1e684b6-92","layers":3,"node_type":"JOINT","flags":{"visible":true,"is_static":false,"selectable":true,"two_sided":false,"flip_normals":false,"cast_shadows":true,"receive_shadows":true,"ignore_lights":false,"depth_test":true,"depth_write":true},"children":[{"name":"chest","uid":"@NODE-47642e-29a52-1bc7825-94","layers":3,"node_type":"JOINT","flags":{"visible":true,"is_static":false,"selectable":true,"two_sided":false,"flip_normals":false,"cast_shadows":true,"receive_shadows":true,"ignore_lights":false,"depth_test":true,"depth_write":true},"children":[{"name":"clavicle.R","uid":"@NODE-47642e-29a52-18e1965-96","layers":3,"node_type":"JOINT","flags":{"visible":true,"is_static":false,"selectable":true,"two_sided":false,"flip_normals":false,"cast_shadows":true,"receive_shadows":true,"ignore_lights":false,"depth_test":true,"depth_write":true},"children":[{"name":"upper_arm.R","uid":"@NODE-47642e-29a52-1bd8183-98","layers":3,"node_type":"JOINT","flags":{"visible":true,"is_static":false,"selectable":true,"two_sided":false,"flip_normals":false,"cast_shadows":true,"receive_shadows":true,"ignore_lights":false,"depth_test":true,"depth_write":true},"children":[{"name":"forearm.R","uid":"@NODE-47642e-29a52-1cf30de-9a","layers":3,"node_type":"JOINT","flags":{"visible":true,"is_static":false,"selectable":true,"two_sided":false,"flip_normals":false,"cast_shadows":true,"receive_shadows":true,"ignore_lights":false,"depth_test":true,"depth_write":true},"children":[{"name":"hand.R","uid":"@NODE-47642e-29a52-10391b4-9c","layers":3,"node_type":"JOINT","flags":{"visible":true,"is_static":false,"selectable":true,"two_sided":false,"flip_normals":false,"cast_shadows":true,"receive_shadows":true,"ignore_lights":false,"depth_test":true,"depth_write":true},"children":[{"name":"thumb.02.R","uid":"@NODE-47642e-29a52-1711a42-9e","layers":3,"node_type":"JOINT","flags":{"visible":true,"is_static":false,"selectable":true,"two_sided":false,"flip_normals":false,"cast_shadows":true,"receive_shadows":true,"ignore_lights":false,"depth_test":true,"depth_write":true},"children":[{"name":"thumb.03.R","uid":"@NODE-47642e-29a52-1c0879a-a0","layers":3,"node_type":"JOINT","flags":{"visible":true,"is_static":false,"selectable":true,"two_sided":false,"flip_normals":false,"cast_shadows":true,"receive_shadows":true,"ignore_lights":false,"depth_test":true,"depth_write":true},"components":[["Transform",{"uid":"@COMP-47642e-29a52-1071d3d-a1","position":[0,0.3460673987865448,4.768369876728684e-7],"rotation":[0.0371379554271698,0.008576594293117523,-0.003496271325275302,0.9992672204971313],"scaling":[1.0000001192092896,1,1.0000001192092896],"matrix":[0.999828577041626,-0.006350385025143623,-0.017400309443473816,0,0.00762445293366909,0.9972171187400818,0.07416150718927383,0,0.016880931332707405,-0.07428146153688431,0.9970945715904236,0,0,0.3460673987865448,4.768369876728684e-7,1]}]]}],"components":[["Transform",{"uid":"@COMP-47642e-29a52-1d1faa0-9f","position":[0.3350028991699219,0.5038939118385315,0.21784639358520508],"rotation":[0.022748414427042007,-0.6958478689193726,-0.29982247948646545,0.6522152423858643],"scaling":[1,0.9999999403953552,1.0000001192092896],"matrix":[-0.1481955498456955,-0.42275646328926086,0.8940442204475403,0,0.3594386875629425,0.8191779255867004,0.44693535566329956,0,-0.9213262796401978,0.3875879943370819,0.030556509271264076,0,0.3350028991699219,0.5038939118385315,0.21784639358520508,1]}]]},{"name":"f_ring.01.R","uid":"@NODE-47642e-29a52-1c3bf01-a2","layers":3,"node_type":"JOINT","flags":{"visible":true,"is_static":false,"selectable":true,"two_sided":false,"flip_normals":false,"cast_shadows":true,"receive_shadows":true,"ignore_lights":false,"depth_test":true,"depth_write":true},"components":[["Transform",{"uid":"@COMP-47642e-29a52-1ea1d40-a3","position":[-0.1751900017261505,0.8486794829368591,-0.1455412060022354],"rotation":[-0.03534043952822685,-0.022973984479904175,0.153135284781456,0.9873058199882507],"scaling":[1,1,1],"matrix":[0.9520435333251953,0.30400654673576355,0.03454096242785454,0,-0.30075889825820923,0.9506012797355652,-0.07681989669799805,0,-0.0561884343624115,0.06274738907814026,0.9964464902877808,0,-0.1751900017261505,0.8486794829368591,-0.1455412060022354,1]}]]},{"name":"f_index.01.R","uid":"@NODE-47642e-29a52-1b92f96-a4","layers":3,"node_type":"JOINT","flags":{"visible":true,"is_static":false,"selectable":true,"two_sided":false,"flip_normals":false,"cast_shadows":true,"receive_shadows":true,"ignore_lights":false,"depth_test":true,"depth_write":true},"components":[["Transform",{"uid":"@COMP-47642e-29a52-1edcba4-a5","position":[0.2297506034374237,0.9308872222900391,-0.04802132025361061],"rotation":[0.02864862233400345,-0.2431231439113617,-0.06386486440896988,0.9674666523933411],"scaling":[1,1,1],"matrix":[0.873624861240387,-0.13750453293323517,0.4667677879333496,0,0.10964396595954895,0.9902010560035706,0.08648722618818283,0,-0.47408634424209595,-0.024379121139645576,0.8801407814025879,0,0.2297506034374237,0.9308872222900391,-0.04802132025361061,1]}]]}],"components":[["Transform",{"uid":"@COMP-47642e-29a52-18a825f-9d","position":[-0.00000427264876634581,2.1276681423187256,-0.00001755773882905487],"rotation":[-0.021557042375206947,-0.7504304647445679,-0.02450035698711872,0.660143256187439],"scaling":[1.0000011920928955,1.0000014305114746,0.9999966621398926],"matrix":[-0.12749244272708893,0.000006631785709032556,0.9918407201766968,0,0.06470170617103577,0.997871458530426,0.00831016805022955,0,-0.9897236227989197,0.06523288786411285,-0.1272207647562027,0,-0.00000427264876634581,2.1276681423187256,-0.00001755773882905487,1]}]]}],"components":[["Transform",{"uid":"@COMP-47642e-29a52-1d05676-9b","position":[0.0001433014840586111,2.391834259033203,-0.00003719020969583653],"rotation":[0.7166060209274292,0.031178593635559082,0.31540989875793457,0.6213053464889526],"scaling":[0.9999839663505554,1.000003457069397,1.000003695487976],"matrix":[0.7990761399269104,0.43661025166511536,0.4132997989654541,0,-0.3472473621368408,-0.22601595520973206,0.9101335406303406,0,0.49079394340515137,-0.8707974553108215,-0.02899269573390484,0,0.0001433014840586111,2.391834259033203,-0.00003719020969583653,1]}]]}],"components":[["Transform",{"uid":"@COMP-47642e-29a52-14fba4d-99","position":[0.00000765399727242766,1.3706979751586914,-0.00022738192637916654],"rotation":[0.32105863094329834,0.8607532382011414,-0.22599436342716217,-0.3239626884460449],"scaling":[0.9999979138374329,0.999994158744812,0.9999988079071045],"matrix":[-0.5839380025863647,0.6991305947303772,0.41258811950683594,0,0.4062746465206146,0.6916917562484741,-0.597069263458252,0,-0.7028179168701172,-0.18102851510047913,-0.6879487037658691,0,0.00000765399727242766,1.3706979751586914,-0.00022738192637916654,1]}]]}],"components":[["Transform",{"uid":"@COMP-47642e-29a52-16a3ff0-97","position":[-0.3122999966144562,2.2426140308380127,0.8459333777427673],"rotation":[-0.6273112297058105,0.351058691740036,0.36712488532066345,0.5903030633926392],"scaling":[1.0000001192092896,0.9999999403953552,1],"matrix":[0.4839542806148529,-0.007016231305897236,-0.875065267086029,0,-0.8738759756088257,-0.056600116193294525,-0.48284268379211426,0,-0.04614108428359032,0.9983722567558289,-0.03352316841483116,0,-0.3122999966144562,2.2426140308380127,0.8459333777427673,1]}]]},{"name":"clavicle.L","uid":"@NODE-47642e-29a52-10b2136-a6","layers":3,"node_type":"JOINT","flags":{"visible":true,"is_static":false,"selectable":true,"two_sided":false,"flip_normals":false,"cast_shadows":true,"receive_shadows":true,"ignore_lights":false,"depth_test":true,"depth_write":true},"children":[{"name":"upper_arm.L","uid":"@NODE-47642e-29a52-1ad8ab9-a8","layers":3,"node_type":"JOINT","flags":{"visible":true,"is_static":false,"selectable":true,"two_sided":false,"flip_normals":false,"cast_shadows":true,"receive_shadows":true,"ignore_lights":false,"depth_test":true,"depth_write":true},"children":[{"name":"forearm.L","uid":"@NODE-47642e-29a52-148932e-aa","layers":3,"node_type":"JOINT","flags":{"visible":true,"is_static":false,"selectable":true,"two_sided":false,"flip_normals":false,"cast_shadows":true,"receive_shadows":true,"ignore_lights":false,"depth_test":true,"depth_write":true},"children":[{"name":"hand.L","uid":"@NODE-47642e-29a52-196da3c-ac","layers":3,"node_type":"JOINT","flags":{"visible":true,"is_static":false,"selectable":true,"two_sided":false,"flip_normals":false,"cast_shadows":true,"receive_shadows":true,"ignore_lights":false,"depth_test":true,"depth_write":true},"children":[{"name":"thumb.02.L","uid":"@NODE-47642e-29a52-1fede71-ae","layers":3,"node_type":"JOINT","flags":{"visible":true,"is_static":false,"selectable":true,"two_sided":false,"flip_normals":false,"cast_shadows":true,"receive_shadows":true,"ignore_lights":false,"depth_test":true,"depth_write":true},"children":[{"name":"thumb.03.L","uid":"@NODE-47642e-29a52-1208a45-b0","layers":3,"node_type":"JOINT","flags":{"visible":true,"is_static":false,"selectable":true,"two_sided":false,"flip_normals":false,"cast_shadows":true,"receive_shadows":true,"ignore_lights":false,"depth_test":true,"depth_write":true},"components":[["Transform",{"uid":"@COMP-47642e-29a52-1008c1e-b1","position":[-4.768369876728684e-7,0.3460676968097687,0],"rotation":[0.03715307265520096,-0.008156890980899334,0.0033313713502138853,0.9992707371711731],"scaling":[0.9999998807907104,1.0000001192092896,0.9999999403953552],"matrix":[0.9998446106910706,0.00605177553370595,0.016549425199627876,0,-0.007263991981744766,0.9972172379493713,0.07419762015342712,0,-0.016054341569542885,-0.07430629432201385,0.9971061944961548,0,-4.768369876728684e-7,0.3460676968097687,0,1]}]]}],"components":[["Transform",{"uid":"@COMP-47642e-29a52-1f851eb-af","position":[-0.3350028991699219,0.5038939118385315,0.21784639358520508],"rotation":[0.023476911708712578,0.6942608952522278,0.2997662425041199,0.6539042592048645],"scaling":[0.9999999403953552,1,1.0000001192092896],"matrix":[-0.143715962767601,0.42463502287864685,-0.89388507604599,0,-0.35943862795829773,0.81917804479599,0.4469352662563324,0,0.9220355749130249,0.38552871346473694,0.03490129113197327,0,-0.3350028991699219,0.5038939118385315,0.21784639358520508,1]}]]},{"name":"f_ring.01.L","uid":"@NODE-47642e-29a52-190f31b-b2","layers":3,"node_type":"JOINT","flags":{"visible":true,"is_static":false,"selectable":true,"two_sided":false,"flip_normals":false,"cast_shadows":true,"receive_shadows":true,"ignore_lights":false,"depth_test":true,"depth_write":true},"components":[["Transform",{"uid":"@COMP-47642e-29a52-19d4776-b3","position":[0.1751900017261505,0.8486794829368591,-0.1455412060022354],"rotation":[-0.03534043952822685,0.022973984479904175,-0.153135284781456,0.9873058199882507],"scaling":[1,1,1],"matrix":[0.9520435333251953,-0.30400654673576355,-0.03454096242785454,0,0.30075889825820923,0.9506012797355652,-0.07681989669799805,0,0.0561884343624115,0.06274738907814026,0.9964464902877808,0,0.1751900017261505,0.8486794829368591,-0.1455412060022354,1]}]]},{"name":"f_index.01.L","uid":"@NODE-47642e-29a53-1a7ca64-b4","layers":3,"node_type":"JOINT","flags":{"visible":true,"is_static":false,"selectable":true,"two_sided":false,"flip_normals":false,"cast_shadows":true,"receive_shadows":true,"ignore_lights":false,"depth_test":true,"depth_write":true},"components":[["Transform",{"uid":"@COMP-47642e-29a53-13e567a-b5","position":[-0.2297506034374237,0.9308872222900391,-0.04802132025361061],"rotation":[0.02864862233400345,0.2431231439113617,0.06386486440896988,0.9674666523933411],"scaling":[1,1,1],"matrix":[0.873624861240387,0.13750453293323517,-0.4667677879333496,0,-0.10964396595954895,0.9902010560035706,0.08648722618818283,0,0.47408634424209595,-0.024379121139645576,0.8801407814025879,0,-0.2297506034374237,0.9308872222900391,-0.04802132025361061,1]}]]}],"components":[["Transform",{"uid":"@COMP-47642e-29a52-12838a5-ad","position":[-0.000009395187589689158,2.12770676612854,0.000015345192878157832],"rotation":[0.13476577401161194,0.45780089497566223,0.09603016078472137,0.8735185861587524],"scaling":[1.0000042915344238,0.9999951124191284,0.9999971985816956],"matrix":[0.562395453453064,0.29116129875183105,-0.7739153504371643,0,-0.04437626153230667,0.9452281594276428,0.32336461544036865,0,0.8256760239601135,-0.14751501381397247,0.5445114970207214,0,-0.000009395187589689158,2.12770676612854,0.000015345192878157832,1]}]]}],"components":[["Transform",{"uid":"@COMP-47642e-29a52-1354930-ab","position":[-0.0004767536302097142,2.3904685974121094,0.000017155107343569398],"rotation":[0.4357234537601471,0.40345942974090576,-0.32618024945259094,0.7355080246925354],"scaling":[1.000005841255188,0.9999777674674988,1.000015377998352],"matrix":[0.4616565406322479,-0.12822365760803223,-0.8777492046356201,0,0.8313913941383362,0.4074939787387848,0.3777467906475067,0,0.3092513084411621,-0.9041710495948792,0.2947356402873993,0,-0.0004767536302097142,2.3904685974121094,0.000017155107343569398,1]}]]}],"components":[["Transform",{"uid":"@COMP-47642e-29a52-1045d43-a9","position":[-0.000006379503702191869,1.3706979751586914,-0.00018989866657648236],"rotation":[-0.15990382432937622,0.7261536717414856,-0.4223594665527344,0.5184053182601929],"scaling":[0.9999983906745911,0.9999954104423523,1.0000003576278687],"matrix":[-0.41137269139289856,-0.6701352000236511,-0.6178090572357178,0,0.2056763470172882,0.592083752155304,-0.7791821360588074,0,0.8879579305648804,-0.4476059079170227,-0.10573681443929672,0,-0.000006379503702191869,1.3706979751586914,-0.00018989866657648236,1]}]]}],"components":[["Transform",{"uid":"@COMP-47642e-29a52-1c89d83-a7","position":[0.3122999966144562,2.2426140308380127,0.8459333777427673],"rotation":[-0.6273112297058105,-0.351058691740036,-0.36712488532066345,0.5903030633926392],"scaling":[1.0000001192092896,0.9999999403953552,1],"matrix":[0.4839542806148529,0.007016231305897236,0.875065267086029,0,0.8738759756088257,-0.056600116193294525,-0.48284268379211426,0,0.04614108428359032,0.9983722567558289,-0.03352316841483116,0,0.3122999966144562,2.2426140308380127,0.8459333777427673,1]}]]},{"name":"neck","uid":"@NODE-47642e-29a53-1266fcf-b6","layers":3,"node_type":"JOINT","flags":{"visible":true,"is_static":false,"selectable":true,"two_sided":false,"flip_normals":false,"cast_shadows":true,"receive_shadows":true,"ignore_lights":false,"depth_test":true,"depth_write":true},"children":[{"name":"head","uid":"@NODE-47642e-29a53-1ca9a3a-b8","layers":3,"node_type":"JOINT","flags":{"visible":true,"is_static":false,"selectable":true,"two_sided":false,"flip_normals":false,"cast_shadows":true,"receive_shadows":true,"ignore_lights":false,"depth_test":true,"depth_write":true},"children":[{"name":"jaw","uid":"@NODE-47642e-29a53-11c9146-ba","layers":3,"node_type":"JOINT","flags":{"visible":true,"is_static":false,"selectable":true,"two_sided":false,"flip_normals":false,"cast_shadows":true,"receive_shadows":true,"ignore_lights":false,"depth_test":true,"depth_write":true},"components":[["Transform",{"uid":"@COMP-47642e-29a53-1b1f86f-bb","position":[0,-0.09955787658691406,0.43685048818588257],"rotation":[0.939720869064331,0,0,0.34194254875183105],"scaling":[1,0.9999998807907104,0.9999993443489075],"matrix":[1,0,0,0,0,-0.7661504745483398,0.6426610350608826,0,0,-0.6426606774330139,-0.7661501169204712,0,0,-0.09955787658691406,0.43685048818588257,1]}]]},{"name":"eye.R","uid":"@NODE-47642e-29a53-18b4316-bc","layers":3,"node_type":"JOINT","flags":{"visible":true,"is_static":false,"selectable":true,"two_sided":false,"flip_normals":false,"cast_shadows":true,"receive_shadows":true,"ignore_lights":false,"depth_test":true,"depth_write":true},"components":[["Transform",{"uid":"@COMP-47642e-29a53-12d81d0-bd","position":[-0.28850001096725464,0.1520213931798935,1.017285943031311],"rotation":[0.0853714868426323,-0.6425032019615173,-0.7577430605888367,0.07567624002695084],"scaling":[1,1.0000001192092896,1],"matrix":[-0.9739698171615601,-0.2243891954421997,-0.032134849578142166,0,0.004983384627848864,-0.16292569041252136,0.9866259694099426,0,-0.2266237586736679,0.9607834815979004,0.15980269014835358,0,-0.28850001096725464,0.1520213931798935,1.017285943031311,1]}],["LookAt",{"enabled":true,"nodeTarget":"lookAtEyes","front":5,"up":3,"initial_rotation":[-97,178,-13],"lock_to_axis":1,"lim_horizontal":true,"limit_horizontal":[-25,25],"lim_vertical":true,"limit_vertical":[-25,25],"influence":1,"applyRotation":true,"uid":"@COMP-47642e-2ccb85-1fc793f-723"}]]},{"name":"eye.L","uid":"@NODE-47642e-29a54-13922c6-be","layers":3,"node_type":"JOINT","flags":{"visible":true,"is_static":false,"selectable":true,"two_sided":false,"flip_normals":false,"cast_shadows":true,"receive_shadows":true,"ignore_lights":false,"depth_test":true,"depth_write":true},"components":[["Transform",{"uid":"@COMP-47642e-29a54-1fc8d68-bf","position":[0.28850001096725464,0.1520213931798935,1.017285943031311],"rotation":[0.0662505254149437,0.6398971676826477,0.7596339583396912,0.0953875333070755],"scaling":[1,1.0000001192092896,1],"matrix":[-0.9730242490768433,0.229706272482872,-0.021424127742648125,0,-0.06013217940926552,-0.1628657877445221,0.9848142862319946,0,0.22272872924804688,0.9595363140106201,0.17228496074676514,0,0.28850001096725464,0.1520213931798935,1.017285943031311,1]}],["LookAt",{"enabled":true,"nodeTarget":"lookAtEyes","front":5,"up":3,"initial_rotation":[-97,-178,13],"lock_to_axis":1,"lim_horizontal":true,"limit_horizontal":[-25,25],"lim_vertical":true,"limit_vertical":[-25,25],"influence":1,"applyRotation":true,"uid":"@COMP-47642e-2bc936-11643c3-722"}]]}],"components":[["Transform",{"uid":"@COMP-47642e-29a53-113c787-b9","position":[0,1.153743028640747,0],"rotation":[-0.10573040693998337,0.012167643755674362,-0.00008440600504400209,0.9943203926086426],"scaling":[1,1,1.0000001192092896],"matrix":[0.9997038841247559,-0.0027408329769968987,-0.02417922392487526,0,-0.002405126579105854,0.9776421189308167,-0.21026185154914856,0,0.02421492524445057,0.21025776863098145,0.9773461818695068,0,0,1.153743028640747,0,1]}],["LookAt",{"enabled":true,"nodeTarget":"lookAtHead","front":5,"up":3,"initial_rotation":[0,0,0],"lock_to_axis":1,"lim_horizontal":true,"limit_horizontal":[-30,30],"lim_vertical":true,"limit_vertical":[-25,25],"influence":1,"applyRotation":true,"uid":"@COMP-47642e-31c7cd-1d0347a-729"}]]}],"components":[["Transform",{"uid":"@COMP-47642e-29a53-176fb68-b7","position":[2.2204500197172533e-16,2.983083963394165,-5.96045985901128e-8],"rotation":[0.07872184365987778,2.899320228344493e-10,2.9089999853404436e-10,0.9968966245651245],"scaling":[1,1.0000001192092896,1.0000001192092896],"matrix":[1,6.2564242675478e-10,-5.322641216665147e-10,0,-5.343465669938041e-10,0.98760586977005,0.15695509314537048,0,6.238649596923551e-10,-0.15695509314537048,0.98760586977005,0,2.2204500197172533e-16,2.983083963394165,-5.96045985901128e-8,1]}]]}],"components":[["Transform",{"uid":"@COMP-47642e-29a52-1caa61b-95","position":[0,0.9192019104957581,0],"rotation":[-0.08889002352952957,-8.127698514215353e-11,-7.110723121428464e-11,0.996041476726532],"scaling":[1,0.9999999403953552,1.0000001192092896],"matrix":[1,-1.2720208220073914e-10,1.7455194234461402e-10,0,1.561009099759758e-10,0.9841970801353455,-0.1770762801170349,0,-1.4926906932721806e-10,0.1770763099193573,0.9841972589492798,0,0,0.9192019104957581,0,1]}]]}],"components":[["Transform",{"uid":"@COMP-47642e-29a52-1388d17-93","position":[0,1.383236050605774,-1.1920899822825959e-7],"rotation":[0.1515789031982422,0,0,0.9884451627731323],"scaling":[1,1,0.9999999403953552],"matrix":[1,0,0,0,0,0.954047679901123,0.29965487122535706,0,0,-0.29965484142303467,0.9540476202964783,0,0,1.383236050605774,-1.1920899822825959e-7,1]}]]}],"components":[["Transform",{"uid":"@COMP-47642e-29a51-1ded14d-81","position":[0,-0.23499999940395355,8.32289981842041],"rotation":[0.6441208124160767,0,0,0.7649237513542175],"scaling":[1,0.9999999403953552,0.9999999403953552],"matrix":[1,0,0,0,0,0.17021673917770386,0.9854065775871277,0,0,-0.9854065775871277,0.17021673917770386,0,0,-0.23499999940395355,8.32289981842041,1]}]]}],"components":[["Transform",{"uid":"@COMP-47642e-29a51-1e2a4c7-7f","position":[0,0,0],"rotation":[0,0,0,1],"scaling":[1,1,1],"matrix":[1,0,0,0,0,1,0,0,0,0,1,0,0,0,0,1]}]]},{"name":"emmaHead","uid":"@NODE-47642e-29a54-1098de6-c0","layers":3,"node_type":"NODE","material":"gerard/materials/emmaSkin2.json","flags":{"visible":true,"is_static":false,"selectable":true,"two_sided":false,"flip_normals":false,"cast_shadows":true,"receive_shadows":true,"ignore_lights":false,"depth_test":true,"depth_write":true},"components":[["Transform",{"uid":"@COMP-47642e-29a54-16a4971-c1","position":[0,0,0],"rotation":[0,0,0,1],"scaling":[1,1,1],"matrix":[1,0,0,0,0,1,0,0,0,0,1,0,0,0,0,1]}],["MeshRenderer",{"enabled":true,"mesh":"emmaNurse___emma_emmaHead_skin","point_size":0.1,"textured_points":false,"submaterials":[],"uid":"@COMP--b07263-26d2-1dd3b0d-6c"}],["SkinDeformer",{"enabled":true,"search_bones_in_parent":false,"skeleton_root_node":null,"cpu_skinning":false,"ignore_transform":true,"uid":"@COMP-47642e-29a54-15ca217-c4"}],["MorphDeformer",{"enabled":true,"morph_targets":[{"mesh":"emmaNurse___emmaHead_mesh_morph_sad","weight":0.05479497283199758},{"mesh":"emmaNurse___emmaHead_mesh_morph_smile","weight":0.6689214051962021},{"mesh":"emmaNurse___emmaHead_mesh_morph_lipsClosed","weight":0},{"mesh":"emmaNurse___emmaHead_mesh_morph_kiss","weight":0.2680188888521621},{"mesh":"emmaNurse___emmaHead_mesh_morph_browsDown","weight":0.21296385292128125},{"mesh":"emmaNurse___emmaHead_mesh_morph_browsInnerUp","weight":0.15472942845177007},{"mesh":"emmaNurse___emmaHead_mesh_morph_browsUp","weight":0.3309564687253348},{"mesh":"emmaNurse___emmaHead_mesh_morph_eyeLids","weight":0}],"uid":"@COMP-47642e-29a54-1413708-c5"}]]},{"name":"emmaBody","uid":"@NODE-47642e-29a54-1944584-c6","layers":3,"node_type":"NODE","material":"gerard/materials/emmaSkin2.json","flags":{"visible":true,"is_static":false,"selectable":true,"two_sided":false,"flip_normals":false,"cast_shadows":true,"receive_shadows":true,"ignore_lights":false,"depth_test":true,"depth_write":true},"components":[["Transform",{"uid":"@COMP-47642e-29a54-1aaa020-c7","position":[0,0,0],"rotation":[0,0,0,1],"scaling":[1,1,1],"matrix":[1,0,0,0,0,1,0,0,0,0,1,0,0,0,0,1]}],["MeshRenderer",{"enabled":true,"mesh":"emmaNurse___emma_emmaBody_skin","point_size":0.1,"textured_points":false,"submaterials":[],"uid":"@COMP--b07263-26d3-1fe3c57-72"}],["SkinDeformer",{"enabled":true,"search_bones_in_parent":false,"skeleton_root_node":null,"cpu_skinning":false,"ignore_transform":true,"uid":"@COMP-47642e-29a54-1fb7982-ca"}]]},{"name":"emmaShirt","uid":"@NODE-47642e-29a54-1f8c7b2-cb","layers":3,"node_type":"NODE","material":"gerard/materials/nurseShirt.json","flags":{"visible":true,"is_static":false,"selectable":true,"two_sided":true,"flip_normals":false,"cast_shadows":true,"receive_shadows":true,"ignore_lights":false,"depth_test":true,"depth_write":true},"components":[["Transform",{"uid":"@COMP-47642e-29a54-1e490c4-cc","position":[0,0,0],"rotation":[0,0,0,1],"scaling":[1,1,1],"matrix":[1,0,0,0,0,1,0,0,0,0,1,0,0,0,0,1]}],["MeshRenderer",{"enabled":true,"mesh":"emmaNurse___emma_emmaShirt_skin","point_size":0.1,"textured_points":false,"submaterials":[],"uid":"@COMP--b07263-26d3-13128d5-77"}],["SkinDeformer",{"enabled":true,"search_bones_in_parent":false,"skeleton_root_node":null,"cpu_skinning":false,"ignore_transform":true,"uid":"@COMP-47642e-29a54-1caa082-cf"}]]},{"name":"emmaShoes","uid":"@NODE-47642e-29a54-19c2c39-d0","layers":3,"node_type":"NODE","material":"gerard/materials/sportShoes.json","flags":{"visible":true,"is_static":false,"selectable":true,"two_sided":false,"flip_normals":false,"cast_shadows":true,"receive_shadows":true,"ignore_lights":false,"depth_test":true,"depth_write":true},"components":[["Transform",{"uid":"@COMP-47642e-29a54-1e7cd76-d1","position":[0,0,0],"rotation":[0,0,0,1],"scaling":[1,1,1],"matrix":[1,0,0,0,0,1,0,0,0,0,1,0,0,0,0,1]}],["MeshRenderer",{"enabled":true,"mesh":"emmaNurse___emma_emmaShoes_skin","point_size":0.1,"textured_points":false,"submaterials":[],"uid":"@COMP--b07263-26d4-15691e1-7c"}],["SkinDeformer",{"enabled":true,"search_bones_in_parent":false,"skeleton_root_node":null,"cpu_skinning":false,"ignore_transform":true,"uid":"@COMP-47642e-29a54-147a2ea-d4"}]]},{"name":"emmaJeans","uid":"@NODE-47642e-29a54-103767a-d5","layers":3,"node_type":"NODE","material":"gerard/materials/jeansBlack.json","flags":{"visible":true,"is_static":false,"selectable":true,"two_sided":false,"flip_normals":false,"cast_shadows":true,"receive_shadows":true,"ignore_lights":false,"depth_test":true,"depth_write":true},"components":[["Transform",{"uid":"@COMP-47642e-29a54-14a2c82-d6","position":[0,0,0],"rotation":[0,0,0,1],"scaling":[1,1,1],"matrix":[1,0,0,0,0,1,0,0,0,0,1,0,0,0,0,1]}],["MeshRenderer",{"enabled":true,"mesh":"emmaNurse___emma_emmaJeans_skin","point_size":0.1,"textured_points":false,"submaterials":[],"uid":"@COMP--b07263-26d5-1300016-81"}],["SkinDeformer",{"enabled":true,"search_bones_in_parent":false,"skeleton_root_node":null,"cpu_skinning":false,"ignore_transform":true,"uid":"@COMP-47642e-29a54-1d38080-d9"}]]},{"name":"emmaHair","uid":"@NODE-47642e-29a54-1f70f3a-da","layers":3,"node_type":"NODE","material":"gerard/materials/nurseHair.json","flags":{"visible":true,"is_static":false,"selectable":true,"two_sided":true,"flip_normals":false,"cast_shadows":true,"receive_shadows":true,"ignore_lights":false,"depth_test":true,"depth_write":true},"components":[["Transform",{"uid":"@COMP-47642e-29a54-1f8c1a3-db","position":[0,0,0],"rotation":[0,0,0,1],"scaling":[1,1,1],"matrix":[1,0,0,0,0,1,0,0,0,0,1,0,0,0,0,1]}],["MeshRenderer",{"enabled":true,"mesh":"emmaNurse___emma_emmaHair_skin","point_size":0.1,"textured_points":false,"submaterials":[],"uid":"@COMP--b07263-26d5-12fb584-86"}],["SkinDeformer",{"enabled":true,"search_bones_in_parent":false,"skeleton_root_node":null,"cpu_skinning":false,"ignore_transform":true,"uid":"@COMP-47642e-29a54-12a9d03-de"}]]},{"name":"emmaEyes","uid":"@NODE-47642e-29a54-1bb0972-df","layers":3,"node_type":"NODE","material":"gerard/materials/eyesBlue.json","flags":{"visible":true,"is_static":false,"selectable":true,"two_sided":false,"flip_normals":false,"cast_shadows":true,"receive_shadows":true,"ignore_lights":false,"depth_test":true,"depth_write":true},"components":[["Transform",{"uid":"@COMP-47642e-29a54-16baed8-e0","position":[0,0,0],"rotation":[0,0,0,1],"scaling":[1,1,1],"matrix":[1,0,0,0,0,1,0,0,0,0,1,0,0,0,0,1]}],["MeshRenderer",{"enabled":true,"mesh":"emmaNurse___emma_emmaEyes_skin","point_size":0.1,"textured_points":false,"submaterials":[],"uid":"@COMP--b07263-26d6-10e92b5-8b"}],["SkinDeformer",{"enabled":true,"search_bones_in_parent":false,"skeleton_root_node":null,"cpu_skinning":false,"ignore_transform":true,"uid":"@COMP-47642e-29a54-11f244e-e3"}]]},{"name":"emmaTeeth","uid":"@NODE-47642e-29a54-1e698d4-e4","layers":3,"node_type":"NODE","material":"gerard/materials/teeth.json","flags":{"visible":true,"is_static":false,"selectable":true,"two_sided":false,"flip_normals":false,"cast_shadows":true,"receive_shadows":true,"ignore_lights":false,"depth_test":true,"depth_write":true},"components":[["Transform",{"uid":"@COMP-47642e-29a54-1c5774f-e5","position":[0,0,0],"rotation":[0,0,0,1],"scaling":[1,1,1],"matrix":[1,0,0,0,0,1,0,0,0,0,1,0,0,0,0,1]}],["MeshRenderer",{"enabled":true,"mesh":"emmaNurse___emma_emmaTeeth_skin","point_size":0.1,"textured_points":false,"submaterials":[],"uid":"@COMP--b07263-26d6-16034aa-90"}],["SkinDeformer",{"enabled":true,"search_bones_in_parent":false,"skeleton_root_node":null,"cpu_skinning":false,"ignore_transform":true,"uid":"@COMP-47642e-29a55-1a44a34-e8"}]]},{"name":"emmaTongue","uid":"@NODE-47642e-29a55-11ceedd-e9","layers":3,"node_type":"NODE","material":"gerard/materials/tongue.json","flags":{"visible":true,"is_static":false,"selectable":true,"two_sided":false,"flip_normals":false,"cast_shadows":true,"receive_shadows":true,"ignore_lights":false,"depth_test":true,"depth_write":true},"components":[["Transform",{"uid":"@COMP-47642e-29a55-164d942-ea","position":[0,0,0],"rotation":[0,0,0,1],"scaling":[1,1,1],"matrix":[1,0,0,0,0,1,0,0,0,0,1,0,0,0,0,1]}],["MeshRenderer",{"enabled":true,"mesh":"emmaNurse___emma_emmaTongue_skin","point_size":0.1,"textured_points":false,"submaterials":[],"uid":"@COMP--b07263-26d7-1132505-95"}],["SkinDeformer",{"enabled":true,"search_bones_in_parent":false,"skeleton_root_node":null,"cpu_skinning":false,"ignore_transform":true,"uid":"@COMP-47642e-29a55-1e2205b-ed"}]]}],"editor":{"collapsed":true},"components":[["Transform",{"uid":"@COMP-47642e-299d0-1ad573a-d","position":[0,0,0],"rotation":[-0.7071067690849304,0,0,0.7071067690849304],"scaling":[10,10,10],"matrix":[10,0,0,0,0,3.4228543199787964e-7,-9.999999046325684,0,0,9.999999046325684,3.4228543199787964e-7,0,0,0,0,1]}],["ScriptFromFile",{"uid":"@COMP-47642e-b551b-1b1a2fe-fd","enabled":true,"filename":"gerard/eliza/elizaAgent.js","properties":{"elizaAI":null,"lang":"en-US"},"editor":{"collapsed":false}}],["ScriptFromFile",{"uid":"@COMP-47642e-134cc7-1af030b-485","enabled":true,"filename":"gerard/eliza/facialControl.js","properties":{"headNodeName":"emmaHead","jawNodeName":"jaw","headBoneNodeName":"head","facialTrackerName":"facePosition","lookAtEyesName":"lookAtEyes","lookAtHeadName":"lookAtHead","lookAtNeckName":"lookAtNeck","smileBSIndex":1,"sadBSIndex":0,"kissBSIndex":3,"lipsClosedBSIndex":2,"browsDownBSIndex":4,"browsInnerUpBSIndex":5,"browsUpBSIndex":6,"eyeLidsBSIndex":7,"sadFactor":1,"smileFactor":1,"lipsClosedFactor":1,"kissFactor":1,"browsDownFactor":1,"browsInnerUpFactor":1.4554878048780489,"browsUpFactor":1,"jawFactor":0.563719512195122,"Speech":null,"Blink":null,"blinking":false,"gazePositions":{"RIGHT":[70,150,70],"LEFT":[-70,150,70],"UP":[0,210,70],"DOWN":[0,70,70],"UPRIGHT":[70,210,70],"UPLEFT":[-70,210,70],"DOWNRIGHT":[70,70,70],"DOWNLEFT":[-70,70,70],"HEAD":[1.3706903992903585e-14,147.2349853515625,1.1825052499771118],"CAMERA":[0,151.58299255371094,57.53499984741211],"USER":[1.9692364931106567,153.67787170410156,85.00003051757812]}}}],["Script",{"uid":"@COMP-47642e-131f88-1216825-b34","enabled":false,"code":"//@Render GUI\n\n\nthis.onStart = function(){\n\n}\n\n\n\n// --------------------- GUI ---------------------\n\nthis.onRenderGUI = function(){\n\t\n  width = gl.viewport_data[2];\n  height = gl.viewport_data[3];\n  \n  if (!gl.mouse.left_button){\n\t\tthis._clicked = false;\n  }\n  gl.start2D();\n  \n  // Whissel Wheel\n  // Mouse\n  var dist = Math.sqrt((-gl.mouse.x + width - 130)*(-gl.mouse.x + width - 130) + (-gl.mouse.y + height - 130)*(-gl.mouse.y + height - 130));\n\n  if (dist<100){\n    gl.fillStyle = \"rgba(255,0,0,0.8)\";\n    \n    if (gl.mouse.dragging){\n    \tthis._targetValAro[0] = (gl.mouse.x - width + 130)/100;\n    \tthis._targetValAro[1] = (gl.mouse.y - height + 130)/100;\n      \n      faceObj = {\"valaro\": this._targetValAro};\n      \n      LS.Globals.faceShift(faceObj);\n      this.changingFace = true;\n    }\n  }\n  else\n  \tgl.fillStyle = \"rgba(255,0,0,0.5)\";\n  \n  gl.strokeStyle = \"rgba(255,255,255,0.8)\";\n  gl.lineWidth = 2;\n  \n  gl.beginPath();\n\tgl.arc(width-130,130,100,0,2*Math.PI);\n  gl.fill();\n\tgl.stroke();\n  \n\n  // Show val-aro text\n  gl.font = \"15px Arial\";\n  gl.fillStyle = \"rgba(255,255,255,0.8)\";\n  gl.textAlign = \"center\";\n  var FEText = \"\";\n  if(this._targetValAro)\n  \tFEText = \"Arousal \"+ this._targetValAro[1].toFixed(2) +\"\\nValence \"+ this._targetValAro[0].toFixed(2);\n  gl.fillText(FEText, width-130, 1